Entries:0
SteamID,Relation,Friends Since;
76561197962063178,1;
76561197962071359,1;
76561197964955917,1;
76561197965600635,1;
76561197967127953,1;
76561197967488891,1;
76561197967824522,1;
76561197967936953,1;
76561197968590649,1;
76561197968739053,1;
76561197974821524,1;
76561197975345997,1;
76561197976631427,1;
76561197978457186,1;
76561197978924769,1;
76561197979329147,1;
76561197979584928,1;
76561197979959326,1;
76561197980185904,1;
76561197980921668,1;
76561197981490976,1;
76561197981789728,1;
76561197981850043,1;
76561197982233734,1;
76561197982263084,1;
76561197982609254,1;
76561197983669510,1;
76561197984287497,1;
76561197984325149,1;
76561197984509389,1;
76561197985091752,1;
76561197985226253,1;
76561197985284546,1;
76561197986076672,1;
76561197986403788,1;
76561197987417594,1;
76561197988013782,1;
76561197988243426,1;
76561197988336813,1;
